-1.506859310181248024e-10,3.000000000000000000e+01
-1.124041192155505890e-10,1.000000000000000888e-02
-4.989654544575172768e-11,9.999999999999995004e-03
-5.466209913815763667e-11,9.999999999999995004e-03
-3.522009557552681390e-11,1.000000000000000888e-02
-5.343689343737430942e-11,1.000000000000000888e-02
-4.148138827512101013e-11,9.999999999999981126e-03
-3.551924408530989630e-11,1.000000000000000888e-02
-3.756905601140965477e-11,1.000000000000000888e-02
-2.800933421830131508e-11,9.999999999999981126e-03
-4.001946553369254577e-11,1.000000000000000888e-02
-5.132204904112481294e-11,1.000000000000000888e-02
-2.617412775234029265e-11,1.000000000000000888e-02
-7.085119571476987367e-11,9.999999999999981126e-03
-1.000766309015507782e-10,1.000000000000000888e-02
-2.698572817751617247e-11,9.999999999999981126e-03
-5.237817131698482132e-11,1.000000000000000888e-02
-2.346749046535738159e-11,1.000000000000000888e-02
-2.471870791098210884e-11,1.000000000000000888e-02
-5.299077358913532198e-11,1.000000000000000888e-02
-2.711319114102189731e-11,2.499999999999996669e-02
-5.138968281947695060e-11,5.000000000000004441e-02
-1.336826303065135372e-10,9.999999999999997780e-02
-1.118149268921481143e-10,2.999999999999999889e-01
-8.449883727113549689e-11,1.000000000000000000e+00
-1.756322493220244801e-10,3.000000000000000444e+00
-1.588474578743051939e-10,3.000000000000000000e+01
-1.737554223189775784e-10,4.000000000000000777e-02
-7.917140203700147348e-11,4.000000000000000777e-02
-8.162181463344927654e-11,4.000000000000000777e-02
-3.746500486803007961e-11,3.999999999999998002e-02
-7.585866714880189178e-11,4.750000000000031974e-03
-5.463478671210997284e-11,5.000000000000004441e-03
-5.050264228802688081e-11,5.249999999999976907e-03
-2.631850033046889369e-11,5.549999999999999378e-03
-9.378932454169134179e-12,5.900000000000016342e-03
-3.454506190651851494e-11,6.249999999999977796e-03
-1.903880409807415951e-11,6.649999999999989253e-03
-2.814460108834423281e-11,7.149999999999989697e-03
-4.642903140943122064e-11,7.700000000000040146e-03
-1.971383697200087393e-11,8.299999999999974065e-03
-2.219676287391891822e-11,9.099999999999996980e-03
-5.407420713456068764e-11,1.000000000000000888e-02
-3.252776614321347527e-11,1.114999999999999325e-02
-3.655585549255472454e-11,1.250000000000001110e-02
-3.909601024720589544e-11,1.424999999999998490e-02
-5.161209336070522767e-11,1.670000000000004814e-02
-9.282554943885329424e-11,1.999999999999996225e-02
-7.831168038260200026e-11,2.500000000000002220e-02
-9.128428718575716496e-11,3.329999999999999627e-02
-1.481288603785481932e-10,5.000000000000004441e-02
-1.078388644341739747e-10,9.999999999999997780e-02
-1.377978616177276809e-10,3.000000000000000000e+01
-1.477971970386355387e-10,4.000000000000000777e-02
-7.631259017174159276e-11,4.000000000000000777e-02
-1.103387001268977547e-10,4.000000000000000777e-02
-1.076554721516940836e-10,3.999999999999998002e-02
-1.091291024469942253e-10,3.994999999999998552e-02
-1.072769862399200614e-10,4.000000000000003553e-02
-9.592888374659099687e-11,3.999999999999998002e-02
-1.108914729835017356e-10,4.000000000000003553e-02
-1.140689422123508309e-10,3.999999999999998002e-02
-7.368399495879159076e-11,6.249999999999977796e-03
-2.750078376828613003e-11,6.700000000000039257e-03
-2.332832249133757674e-11,7.149999999999989697e-03
-4.037974483140731287e-11,7.699999999999984635e-03
-3.920656464415084308e-11,8.300000000000029576e-03
-1.133900034052300409e-11,9.099999999999941469e-03
-2.133183567576875415e-11,1.000000000000000888e-02
-3.644790227732194033e-11,1.109999999999999876e-02
-3.439288784323757397e-11,1.250000000000006661e-02
-2.832148946786683386e-11,1.429999999999997939e-02
-7.497423341884523751e-11,1.664999999999994262e-02
-8.070096200815898909e-11,2.000000000000001776e-02
-9.582613355885635723e-11,2.500000000000002220e-02
-1.272678592467308147e-10,3.334999999999999076e-02
-5.074846597639959267e-11,5.000000000000004441e-02
-1.501838763451974947e-10,9.999999999999997780e-02
-1.689183339085670267e-10,3.000000000000000000e+01
-1.260972851923764509e-10,2.000000000000000389e-02
-6.472777117535097261e-11,2.000000000000000389e-02
-9.825312781980057063e-11,1.999999999999999001e-02
-7.132593145304835728e-11,1.995000000000002327e-02
-7.952648070601540910e-11,1.999999999999999001e-02
-8.969490133626267855e-11,1.999999999999999001e-02
-1.047888576222120165e-10,2.000000000000001776e-02
-6.094810340734797858e-11,1.999999999999999001e-02
-9.487016030257135222e-11,2.000000000000001776e-02
-5.219348015126727659e-11,6.249999999999977796e-03
-3.930541338006039752e-11,6.699999999999983746e-03
-1.633216681109124522e-11,7.150000000000045208e-03
-2.629378745983013133e-11,7.699999999999984635e-03
-4.981460354167946477e-11,8.299999999999974065e-03
-4.854777929490239987e-11,9.099999999999996980e-03
-2.492291023443541842e-11,1.000000000000000888e-02
-4.505425394742135214e-11,1.109999999999999876e-02
-2.693370273626945554e-11,1.250000000000001110e-02
-2.563696144842567847e-11,1.430000000000003491e-02
-5.347981288141476156e-11,1.664999999999999813e-02
-8.420489320283089449e-11,1.999999999999996225e-02
-1.177575607915852239e-10,2.500000000000002220e-02
-7.078486194903263537e-11,3.334999999999999076e-02
-4.870125452728057259e-11,4.999999999999998890e-02
-8.425171268189265754e-11,9.999999999999997780e-02
-1.730972920936748078e-10,3.000000000000000000e+01
-1.308147107889449934e-10,4.000000000000000777e-02
-9.000185238603646345e-11,4.000000000000000777e-02
-9.899839540081108137e-11,4.000000000000000777e-02
-5.369311937361253959e-11,3.999999999999998002e-02
-6.338680838893773206e-11,4.750000000000031974e-03
-6.249196733004724891e-11,5.000000000000004441e-03
-5.763926879190361952e-11,5.249999999999976907e-03
-3.955903949322732459e-11,5.549999999999999378e-03
-4.250239331489436001e-11,5.900000000000016342e-03
-1.273328910482892173e-11,6.249999999999977796e-03
-1.223644377374803394e-11,6.649999999999989253e-03
-1.971383791164275568e-11,7.149999999999989697e-03
-6.121213562068628100e-11,7.700000000000040146e-03
-2.620664391513501790e-11,8.299999999999974065e-03
-5.761585537370865452e-11,9.099999999999996980e-03
-2.904464559486119590e-11,1.000000000000000888e-02
-3.061972319214530146e-11,1.114999999999999325e-02
-5.709820174541284345e-11,1.250000000000001110e-02
-1.146646370156952443e-11,1.424999999999998490e-02
-4.718340533097868629e-11,1.670000000000004814e-02
-9.205946776014625680e-11,1.999999999999996225e-02
-7.750268056089711120e-11,2.500000000000002220e-02
-3.531634389770076099e-11,3.329999999999999627e-02
-1.376782057636730464e-10,5.000000000000004441e-02
-1.136306228119311598e-10,9.999999999999997780e-02
-1.273550025655505035e-10,3.000000000000000000e+01
-1.168341078903433207e-10,2.000000000000000389e-02
-9.926763126054625987e-11,2.000000000000000389e-02
-5.770690396164855597e-11,1.999999999999999001e-02
-7.674570440957539930e-11,1.995000000000002327e-02
-9.133241255301904893e-11,4.799999999999998712e-03
-3.226633630420971954e-11,4.999999999999976685e-03
-1.878517812946752642e-11,5.250000000000004663e-03
-2.734600624646846988e-11,5.549999999999999378e-03
-3.751572952755595523e-11,5.900000000000016342e-03
-1.848342905235352674e-11,6.250000000000005551e-03
-1.771344948613602675e-11,6.649999999999989253e-03
-2.044219712486287566e-11,7.149999999999989697e-03
-2.164138862327987322e-11,7.700000000000012390e-03
-3.500809133324030831e-11,8.300000000000001821e-03
-2.474472233018887302e-11,9.099999999999969225e-03
-3.095658986674669457e-11,1.000000000000000888e-02
-2.353122333850303473e-11,1.114999999999999325e-02
-2.160236992181559913e-11,1.250000000000001110e-02
-4.653048302563633776e-11,1.425000000000004041e-02
-5.506139518577276416e-11,1.669999999999999263e-02
-8.715994910766615390e-11,1.999999999999996225e-02
-5.354224566966533927e-11,2.500000000000002220e-02
-9.902310897618125908e-11,3.329999999999999627e-02
-7.985554321206407569e-11,4.999999999999998890e-02
-1.490601231810617453e-10,9.999999999999997780e-02
-1.774323403769725021e-10,3.000000000000000000e+01
-1.008739232010065490e-10,2.000000000000000389e-02
-8.986788909969937979e-11,2.000000000000000389e-02
-8.503469904492615107e-11,1.999999999999999001e-02
-9.294000465065455074e-11,1.995000000000002327e-02
-1.180463022254149563e-10,2.384999999999998233e-02
-8.423740468548623969e-11,2.499999999999999445e-02
-6.971573335803604689e-11,2.629999999999999005e-02
-8.953492305925395070e-11,2.780000000000004690e-02
-1.462585407693637167e-10,2.939999999999998170e-02
-7.037125833586853309e-11,3.125000000000000000e-02
-6.880658443544097859e-11,3.329999999999999627e-02
-3.069776234786737045e-11,3.575000000000000400e-02
-8.596205951470036573e-11,3.844999999999998419e-02
-9.058063979963121955e-11,4.165000000000002034e-02
-8.884037969618281651e-11,4.544999999999999041e-02
-1.095453097129479511e-10,5.000000000000004441e-02
-1.421563143621292630e-10,5.559999999999998277e-02
-1.141885988804041148e-10,6.250000000000000000e-02
-7.116594941295457186e-11,7.140000000000001901e-02
-5.077447707975470836e-11,8.335000000000003517e-02
-9.217522725191440739e-11,9.999999999999997780e-02
-1.365375434242421804e-10,1.249999999999998890e-01
-1.300603366505570803e-10,1.666500000000001869e-01
-7.892298072671374842e-11,2.500000000000000000e-01
-1.168380098955632863e-10,4.999999999999997780e-01
