-3.253510176568423902e-10,3.000000000000000000e+01
-1.822959597785727463e-10,1.000000000000000021e-02
-7.889826950170667366e-11,1.000000000000000021e-02
-9.003046792680856194e-11,1.000000000000000021e-02
-6.026786755741879627e-11,1.000000000000000021e-02
-3.688621887322004028e-11,1.000000000000000021e-02
-6.676327577507962807e-11,1.000000000000000021e-02
-5.738824525187192430e-11,1.000000000000000021e-02
-5.763146538337023653e-11,1.000000000000000021e-02
-6.788833146356112431e-11,1.000000000000000021e-02
-9.969684235084846442e-11,1.000000000000000021e-02
-6.911873918761140515e-11,1.000000000000000021e-02
-6.597118454469207876e-11,1.000000000000000021e-02
-5.519146021390053926e-11,1.000000000000000021e-02
-6.216940676731469189e-11,1.000000000000000021e-02
-7.268900261522032607e-11,1.000000000000000021e-02
-4.896138304878332079e-11,1.000000000000000021e-02
-9.949524277661189393e-11,1.000000000000000021e-02
-6.111978833887008481e-11,1.000000000000000021e-02
-1.002977391463148852e-10,1.000000000000000021e-02
-1.263196919318054851e-10,2.500000000000000139e-02
-1.862754053097612053e-10,5.000000000000000278e-02
-2.296323201947679288e-10,1.000000000000000056e-01
-2.227818365979678102e-10,2.999999999999999889e-01
-2.732558667747326312e-10,1.000000000000000000e+00
-3.065562145113706264e-10,3.000000000000000000e+00
-3.315285488684166064e-10,3.000000000000000000e+01
-1.417991575628964994e-10,1.000000000000000021e-02
-1.090302523167944071e-10,1.000000000000000021e-02
-7.473361249070347027e-11,1.000000000000000021e-02
-6.025876306051779753e-11,1.000000000000000021e-02
-8.563949913569465233e-11,1.000000000000000021e-02
-7.334322574967836069e-11,1.000000000000000021e-02
-4.364175557376676448e-11,1.000000000000000021e-02
-6.983929508520533018e-11,1.000000000000000021e-02
-6.473427360856962088e-11,1.000000000000000021e-02
-1.197878657265406325e-10,1.000000000000000021e-02
-7.807106092612953378e-11,1.000000000000000021e-02
-6.385894126365860099e-11,1.000000000000000021e-02
-7.736871402233758038e-11,1.000000000000000021e-02
-5.365410088004489040e-11,1.000000000000000021e-02
-6.938276959774058826e-11,1.000000000000000021e-02
-5.389602036912877239e-11,1.000000000000000021e-02
-7.402606301725382176e-11,1.000000000000000021e-02
-6.175059990986841393e-11,1.000000000000000021e-02
-6.898737430375404164e-11,1.000000000000000021e-02
-1.152330159912086035e-10,2.500000000000000139e-02
-1.926277428618347886e-10,5.000000000000000278e-02
-2.273509933998585848e-10,1.000000000000000056e-01
-2.743132890576638843e-10,2.999999999999999889e-01
-2.505648592125959694e-10,1.000000000000000000e+00
-2.946891531221160159e-10,3.000000000000000000e+00
-3.150884287500279693e-10,3.000000000000000000e+01
-1.245651253147401417e-10,1.000000000000000021e-02
-1.351471519985383497e-10,1.000000000000000021e-02
-7.932227892881065965e-11,1.000000000000000021e-02
-7.907515687006906963e-11,1.000000000000000021e-02
-8.225132564610584833e-11,1.000000000000000021e-02
-9.536310182596945940e-11,1.000000000000000021e-02
-6.138772067624257155e-11,1.000000000000000021e-02
-3.540088523594158153e-11,1.000000000000000021e-02
-7.123098246864488292e-11,1.000000000000000021e-02
-5.789679643591384988e-11,1.000000000000000021e-02
-7.540344333413465482e-11,1.000000000000000021e-02
-6.161793438359658141e-11,1.000000000000000021e-02
-8.014168364990124396e-11,1.000000000000000021e-02
-8.702988587671977483e-11,1.000000000000000021e-02
-7.061187667937643886e-11,1.000000000000000021e-02
-6.564862522591354789e-11,1.000000000000000021e-02
-6.224614466976603713e-11,1.000000000000000021e-02
-8.751632613971638637e-11,1.000000000000000021e-02
-7.784865107326207950e-11,1.000000000000000021e-02
-1.400206591254056189e-10,2.500000000000000139e-02
-1.938256345255243264e-10,5.000000000000000278e-02
-1.673393523980824289e-10,1.000000000000000056e-01
-2.943822015123106866e-10,2.999999999999999889e-01
-2.494007842516816177e-10,1.000000000000000000e+00
-2.765282830894372991e-10,3.000000000000000000e+00
-2.662571099426876723e-10,3.000000000000000000e+01
-2.007245020201411826e-10,1.000000000000000021e-02
-1.320165057070066423e-10,1.000000000000000021e-02
-5.072115223550641101e-11,1.000000000000000021e-02
-6.399030614751597742e-11,1.000000000000000021e-02
-6.981198159450232105e-11,1.000000000000000021e-02
-3.220650746610276012e-11,1.000000000000000021e-02
-5.652982125834849104e-11,1.000000000000000021e-02
-7.745065449444664656e-11,1.000000000000000021e-02
-6.889372804991510332e-11,1.000000000000000021e-02
-4.615199543361566227e-11,1.000000000000000021e-02
-5.638544995034679930e-11,1.000000000000000021e-02
-6.742140083678091463e-11,1.000000000000000021e-02
-7.910767293042979972e-11,1.000000000000000021e-02
-1.102073337018530999e-10,1.000000000000000021e-02
-7.667026904578895646e-11,1.000000000000000021e-02
-5.517585250492737641e-11,1.000000000000000021e-02
-8.721457709956875222e-11,1.000000000000000021e-02
-1.167261534829736630e-10,1.000000000000000021e-02
-8.422309954638095093e-11,1.000000000000000021e-02
-8.636655824536072855e-11,2.500000000000000139e-02
-1.193352421663191425e-10,5.000000000000000278e-02
-2.588187359745654224e-10,1.000000000000000056e-01
-2.330282975388433013e-10,2.999999999999999889e-01
-2.782919542034036154e-10,1.000000000000000000e+00
-3.017165240872785175e-10,3.000000000000000000e+00
-3.157689248612575180e-10,3.000000000000000000e+01
-1.567398971059308480e-10,1.000000000000000021e-02
-1.005812791926605218e-10,1.000000000000000021e-02
-5.738044139738536226e-11,1.000000000000000021e-02
-4.374970889416442249e-11,1.000000000000000021e-02
-1.005409592778131974e-10,1.000000000000000021e-02
-6.376269372499080219e-11,1.000000000000000021e-02
-8.271695563047162776e-11,1.000000000000000021e-02
-4.105998038112423595e-11,1.000000000000000021e-02
-7.188780688793176509e-11,1.000000000000000021e-02
-6.525192928951255811e-11,1.000000000000000021e-02
-9.241454547245780424e-11,1.000000000000000021e-02
-7.616171786174703088e-11,1.000000000000000021e-02
-1.110280390653580886e-10,1.000000000000000021e-02
-6.504382650320383644e-11,1.000000000000000021e-02
-4.827464385396455609e-11,1.000000000000000021e-02
-1.264432529611762931e-10,1.000000000000000021e-02
-5.375294970354153675e-11,1.000000000000000021e-02
-6.704161325176751794e-11,1.000000000000000021e-02
-7.035955205097712789e-11,1.000000000000000021e-02
-1.199829620887050647e-10,2.500000000000000139e-02
-1.749845285100988927e-10,5.000000000000000278e-02
-1.616906623922152035e-10,1.000000000000000056e-01
-2.241475111331188357e-10,2.999999999999999889e-01
-2.866889016309603687e-10,1.000000000000000000e+00
-2.889884374196716326e-10,3.000000000000000000e+00
