-5.089361761884126071e-11,3.000000000000000000e+01
-6.370754646479321029e-11,1.000000000000000021e-02
-5.344391721708030821e-11,1.000000000000000021e-02
-3.666094730309793363e-11,1.000000000000000021e-02
-1.896102524122367239e-11,1.000000000000000021e-02
-3.514465842912456580e-11,1.000000000000000021e-02
-2.506754144537825885e-11,1.000000000000000021e-02
-2.375025087621857174e-11,1.000000000000000021e-02
-1.453077690723864122e-11,1.000000000000000021e-02
-2.041566383179441233e-11,1.000000000000000021e-02
-1.574349617686210465e-11,1.000000000000000021e-02
-2.878919964834775191e-11,1.000000000000000021e-02
-1.259854263014475973e-11,1.000000000000000021e-02
-3.044595816778516854e-11,1.000000000000000021e-02
-1.817907924889228126e-11,1.000000000000000021e-02
-2.217543277911044034e-11,1.000000000000000021e-02
-2.330699188334006559e-11,1.000000000000000021e-02
-2.886879903966216428e-11,1.000000000000000021e-02
-2.316262062793811046e-11,1.000000000000000021e-02
-1.602833634047062676e-11,1.000000000000000021e-02
-3.331699561419723547e-11,2.500000000000000139e-02
-5.565865039908537852e-11,5.000000000000000278e-02
-4.621754766414741315e-11,1.000000000000000056e-01
-4.267693937128156763e-11,2.999999999999999889e-01
-4.784621283697964521e-11,1.000000000000000000e+00
-5.699857244040795398e-11,3.000000000000000000e+00
-7.905694757691371720e-11,3.000000000000000000e+01
-6.704681582061361961e-11,1.000000000000000021e-02
-4.684731918797730006e-11,1.000000000000000021e-02
-5.387078799538868757e-11,1.000000000000000021e-02
-1.882367740412699404e-11,1.000000000000000021e-02
-1.783961117935231987e-11,1.000000000000000021e-02
-1.885645355137466081e-11,1.000000000000000021e-02
-3.061842298798800063e-11,1.000000000000000021e-02
-2.691081162162905790e-11,1.000000000000000021e-02
-1.839836718305759631e-11,1.000000000000000021e-02
-2.678282832058870429e-11,1.000000000000000021e-02
-2.838964243811331482e-11,1.000000000000000021e-02
-2.557869419744785007e-11,1.000000000000000021e-02
-1.782400353613628048e-11,1.000000000000000021e-02
-1.669634641047329116e-11,1.000000000000000021e-02
-2.442684500850166965e-11,1.000000000000000021e-02
-2.658617152383885296e-11,1.000000000000000021e-02
-1.991387595188382190e-11,1.000000000000000021e-02
-1.648252101753462844e-11,1.000000000000000021e-02
-1.636468286185174620e-11,1.000000000000000021e-02
-4.045127969566630899e-11,2.500000000000000139e-02
-6.097931953222973914e-11,5.000000000000000278e-02
-5.037700170212877120e-11,1.000000000000000056e-01
-5.927105521067333857e-11,2.999999999999999889e-01
-6.257052426097281000e-11,1.000000000000000000e+00
-6.058366408778726422e-11,3.000000000000000000e+00
-5.587169615850484661e-11,3.000000000000000000e+01
-4.007435329758668710e-11,1.000000000000000021e-02
-2.800569270846459125e-11,1.000000000000000021e-02
-2.808919420844991187e-11,1.000000000000000021e-02
-2.358558942767985389e-11,1.000000000000000021e-02
-2.065368142354154095e-11,1.000000000000000021e-02
-3.727589131460873598e-11,1.000000000000000021e-02
-3.088999711402251861e-11,1.000000000000000021e-02
-3.301576696496805315e-11,1.000000000000000021e-02
-2.385794381064981568e-11,1.000000000000000021e-02
-2.736577676704793220e-11,1.000000000000000021e-02
-3.199580356926966136e-12,1.000000000000000021e-02
-1.983193529103005356e-11,1.000000000000000021e-02
-2.833189386222678620e-11,1.000000000000000021e-02
-1.574505697262557263e-11,1.000000000000000021e-02
-2.328201947638524913e-11,1.000000000000000021e-02
-2.041254218605736776e-11,1.000000000000000021e-02
-1.431382996072011471e-11,1.000000000000000021e-02
-1.886113598203315228e-11,1.000000000000000021e-02
-1.353422480695771502e-11,1.000000000000000021e-02
-2.061934446968838190e-11,2.500000000000000139e-02
-5.806301790279091861e-11,5.000000000000000278e-02
-6.340241557407835099e-11,1.000000000000000056e-01
-4.385922302424516288e-11,2.999999999999999889e-01
-4.933050622721660154e-11,1.000000000000000000e+00
-5.842745867083444724e-11,3.000000000000000000e+00
-8.310558630153507858e-11,3.000000000000000000e+01
-4.969494616161029961e-11,1.000000000000000021e-02
-4.850017531685124100e-11,1.000000000000000021e-02
-3.013848589097922748e-11,1.000000000000000021e-02
-2.078088428333207949e-11,1.000000000000000021e-02
-1.660426101354837221e-11,1.000000000000000021e-02
-2.561771307238447112e-11,1.000000000000000021e-02
-4.000333879254635868e-11,1.000000000000000021e-02
-2.476865392474214556e-11,1.000000000000000021e-02
-1.852869160184900110e-11,1.000000000000000021e-02
-1.593000824567231068e-11,1.000000000000000021e-02
-1.826258022846055780e-11,1.000000000000000021e-02
-1.172529151679743924e-11,1.000000000000000021e-02
-1.412341595671134898e-11,1.000000000000000021e-02
-3.394988858183151104e-11,1.000000000000000021e-02
-2.420209370369505582e-11,1.000000000000000021e-02
-3.353238253473583582e-11,1.000000000000000021e-02
-1.388383761256883994e-11,1.000000000000000021e-02
-3.513607448610637062e-11,1.000000000000000021e-02
-1.500915324643102502e-11,1.000000000000000021e-02
-3.463740852840437034e-11,2.500000000000000139e-02
-5.583969915146438793e-11,5.000000000000000278e-02
-4.514139704397956847e-11,1.000000000000000056e-01
-4.410972712304630931e-11,2.999999999999999889e-01
-7.503874275421873722e-11,1.000000000000000000e+00
-1.024685117572560200e-10,3.000000000000000000e+00
-8.696693612648964160e-11,3.000000000000000000e+01
-5.192216604040477116e-11,1.000000000000000021e-02
-3.853465364454713299e-11,1.000000000000000021e-02
-1.710917055816954330e-11,1.000000000000000021e-02
-2.753199874029957491e-11,1.000000000000000021e-02
-2.082224459043838238e-11,1.000000000000000021e-02
-1.778888624945351715e-11,1.000000000000000021e-02
-2.323675728829049677e-11,1.000000000000000021e-02
-1.597292927264792754e-11,1.000000000000000021e-02
-3.341064193970039434e-11,1.000000000000000021e-02
-2.783010607989438871e-11,1.000000000000000021e-02
-2.719643299627094659e-11,1.000000000000000021e-02
-1.658241036888232934e-11,1.000000000000000021e-02
-1.778888630908463793e-11,1.000000000000000021e-02
-2.189839618232242158e-11,1.000000000000000021e-02
-2.056159576369759388e-11,1.000000000000000021e-02
-2.250787741950310709e-11,1.000000000000000021e-02
-2.345916705250722120e-11,1.000000000000000021e-02
-2.314155010197174992e-11,1.000000000000000021e-02
-2.675005222755113969e-11,1.000000000000000021e-02
-2.309940945661483058e-11,2.500000000000000139e-02
-5.180354769825958050e-11,5.000000000000000278e-02
-4.200268624663521837e-11,1.000000000000000056e-01
-3.847690399801095581e-11,2.999999999999999889e-01
-7.541800925089936750e-11,1.000000000000000000e+00
-7.063346769455025081e-11,3.000000000000000000e+00
-7.850872760055417008e-11,3.000000000000000000e+01
-5.841458167430726637e-11,1.000000000000000021e-02
-2.421965255303484767e-11,1.000000000000000021e-02
-3.853582298098471007e-11,1.000000000000000021e-02
-2.255470016483685077e-11,1.000000000000000021e-02
-1.808270139527778995e-11,1.000000000000000021e-02
-1.392675879133276159e-11,1.000000000000000021e-02
-3.601517851309354609e-11,1.000000000000000021e-02
-1.453233773552817081e-11,1.000000000000000021e-02
-2.040903037932653966e-11,1.000000000000000021e-02
-2.080585644092039499e-11,1.000000000000000021e-02
-2.097676097493477888e-11,1.000000000000000021e-02
-3.122595297567684614e-11,1.000000000000000021e-02
-1.876202695809403705e-11,1.000000000000000021e-02
-2.028143746696242515e-11,1.000000000000000021e-02
-1.094880794100944188e-11,1.000000000000000021e-02
-1.329269544913733170e-11,1.000000000000000021e-02
-9.177723083462000265e-12,1.000000000000000021e-02
-9.365795920930618341e-12,1.000000000000000021e-02
-1.434309434460504092e-11,1.000000000000000021e-02
-1.835505566101839378e-11,2.500000000000000139e-02
-4.351741471515790938e-11,5.000000000000000278e-02
-3.653374610213672029e-11,1.000000000000000056e-01
-3.416137301422844922e-11,2.999999999999999889e-01
-3.876135527998425275e-11,1.000000000000000000e+00
-4.519290167787070767e-11,3.000000000000000000e+00
-6.552545409477944505e-11,3.000000000000000000e+01
-5.062945709175697452e-11,1.000000000000000021e-02
-3.873326118392431386e-11,1.000000000000000021e-02
-4.155123309226154990e-11,1.000000000000000021e-02
-1.790906552830845304e-11,1.000000000000000021e-02
-1.723676353558578751e-11,1.000000000000000021e-02
-3.015916620174169264e-11,1.000000000000000021e-02
-1.807801924651186914e-11,1.000000000000000021e-02
-1.726914969531201770e-11,1.000000000000000021e-02
-1.274408475884086950e-11,1.000000000000000021e-02
-1.871793500361415692e-11,1.000000000000000021e-02
-2.246768738937976720e-11,1.000000000000000021e-02
-2.320281044122102232e-11,1.000000000000000021e-02
-2.489312512631708256e-11,1.000000000000000021e-02
-1.672405043227562162e-11,1.000000000000000021e-02
-3.058330563625311083e-11,1.000000000000000021e-02
-1.577354078515641467e-11,1.000000000000000021e-02
-2.700796973217900594e-11,1.000000000000000021e-02
-1.275696107045720891e-11,1.000000000000000021e-02
-2.999294402249163975e-11,1.000000000000000021e-02
-2.655339525190793248e-11,2.500000000000000139e-02
-6.068901537456365939e-11,5.000000000000000278e-02
-3.613145706021433794e-11,1.000000000000000056e-01
-3.538384853131113209e-11,2.999999999999999889e-01
-5.479944692465821664e-11,1.000000000000000000e+00
-5.121474464138409380e-11,3.000000000000000000e+00
-7.619449391088953250e-11,3.000000000000000000e+01
-3.697622338524886439e-11,1.000000000000000021e-02
-2.683316311659876487e-11,1.000000000000000021e-02
-2.934717544390668101e-11,1.000000000000000021e-02
-3.214251591125184697e-11,1.000000000000000021e-02
-2.810675215790190250e-11,1.000000000000000021e-02
-2.012458017071339089e-11,1.000000000000000021e-02
-2.404406579436038250e-11,1.000000000000000021e-02
-1.252323545428493700e-11,1.000000000000000021e-02
-1.664562155646864892e-11,1.000000000000000021e-02
-1.355412472796996120e-11,1.000000000000000021e-02
-1.451712024788491572e-11,1.000000000000000021e-02
-1.462403347290280940e-11,1.000000000000000021e-02
-3.220416639523188258e-11,1.000000000000000021e-02
-2.470700330523684161e-11,1.000000000000000021e-02
-2.001220465383535392e-11,1.000000000000000021e-02
-3.163877715589916151e-11,1.000000000000000021e-02
-1.459554894479853093e-11,1.000000000000000021e-02
-1.908081442413694799e-11,1.000000000000000021e-02
-8.160100416557125591e-12,1.000000000000000021e-02
-1.744239498929073133e-11,2.500000000000000139e-02
-4.265196837209550304e-11,5.000000000000000278e-02
-5.712577687364689405e-11,1.000000000000000056e-01
-4.353926421870116506e-11,2.999999999999999889e-01
-3.884251574895470053e-11,1.000000000000000000e+00
-4.983034089522942687e-11,3.000000000000000000e+00
-6.269694762276942224e-11,3.000000000000000000e+01
-4.799916747703567280e-11,1.000000000000000021e-02
-3.639795676229490554e-11,1.000000000000000021e-02
-2.820312980551798039e-11,1.000000000000000021e-02
-2.467305636058916775e-11,1.000000000000000021e-02
-1.585353035914865918e-11,1.000000000000000021e-02
-1.844480041791884703e-11,1.000000000000000021e-02
-2.596498476295505417e-11,1.000000000000000021e-02
-1.875695440980984637e-11,1.000000000000000021e-02
-1.195316391439798870e-11,1.000000000000000021e-02
-1.287284819755443829e-11,1.000000000000000021e-02
-2.461921005600387328e-11,1.000000000000000021e-02
-3.311175435401214488e-11,1.000000000000000021e-02
-1.434699639906583571e-11,1.000000000000000021e-02
-3.608502332662008852e-11,1.000000000000000021e-02
-2.009414496774442190e-11,1.000000000000000021e-02
-2.414590607536029997e-11,1.000000000000000021e-02
-1.322675298280617741e-11,1.000000000000000021e-02
-1.760549577217024384e-11,1.000000000000000021e-02
-2.075669233931112671e-11,1.000000000000000021e-02
-2.119409813665720723e-11,2.500000000000000139e-02
-4.905151726962951597e-11,5.000000000000000278e-02
-4.323842658698548318e-11,1.000000000000000056e-01
-3.415513008054107828e-11,2.999999999999999889e-01
-5.489933603206043196e-11,1.000000000000000000e+00
-4.770145159947724627e-11,3.000000000000000000e+00
