-4.496841093937220535e-11,3.000000000000000000e+01
-1.265134842951913175e-11,1.000000000000000888e-02
-2.297454811753714765e-11,9.999999999999995004e-03
-1.434088279262761040e-11,9.999999999999995004e-03
-9.642962788223668262e-12,1.000000000000000888e-02
-9.873176784238230859e-12,1.000000000000000888e-02
-1.199322339935175375e-11,9.999999999999981126e-03
-1.366845135339356416e-11,1.000000000000000888e-02
-4.692718002380358300e-12,1.000000000000000888e-02
-2.221497869917914762e-12,9.999999999999981126e-03
-1.626973613703489740e-11,1.000000000000000888e-02
-8.992641700733551796e-12,1.000000000000000888e-02
-1.013070371226147326e-11,1.000000000000000888e-02
-2.694930650165572317e-12,9.999999999999981126e-03
-5.167452548036448938e-12,1.000000000000000888e-02
-5.002271889533359114e-12,9.999999999999981126e-03
-6.955835213373617876e-12,1.000000000000000888e-02
1.218702077911602685e-12,1.000000000000000888e-02
-5.272803750335414926e-12,1.000000000000000888e-02
-8.389141522661538606e-13,1.000000000000000888e-02
-8.917204359174906507e-12,2.499999999999996669e-02
-1.032059810876506667e-11,5.000000000000004441e-02
-4.393439952121713787e-11,9.999999999999997780e-02
-2.726666751181235760e-11,2.999999999999999889e-01
-4.993426245408771891e-11,1.000000000000000000e+00
-2.856731026503375027e-11,3.000000000000000444e+00
-4.360013522095029792e-11,3.000000000000000000e+01
-1.252258554374867190e-11,2.000000000000000389e-02
-2.107170803585430374e-11,2.000000000000000389e-02
-1.925991281968390457e-11,1.999999999999999001e-02
-2.009882747791106471e-11,1.995000000000002327e-02
-1.147686850069828795e-11,4.799999999999998712e-03
-9.445265605525127946e-12,4.999999999999976685e-03
-8.783237881217671124e-12,5.250000000000004663e-03
-5.149243878510569256e-12,5.549999999999999378e-03
-4.648496431530754302e-12,5.900000000000016342e-03
-5.646088775910589667e-12,6.250000000000005551e-03
2.914739268810213276e-12,6.649999999999989253e-03
-6.080503143814551378e-12,7.149999999999989697e-03
-2.403587022701641266e-12,7.700000000000012390e-03
-3.944848354225923936e-12,8.300000000000001821e-03
-5.594062105901409510e-12,9.099999999999969225e-03
-4.341544340471143678e-12,1.000000000000000888e-02
-1.386224685387404953e-11,1.114999999999999325e-02
-2.700133230430317503e-12,1.250000000000001110e-02
-6.607262913876924449e-12,1.425000000000004041e-02
-6.305514848684947041e-12,1.669999999999999263e-02
-1.307405746164835847e-11,1.999999999999996225e-02
-2.827596230076112604e-12,2.500000000000002220e-02
-1.661830785829043755e-11,3.329999999999999627e-02
-1.891264112911332152e-11,4.999999999999998890e-02
-1.569225175149235874e-11,9.999999999999997780e-02
-3.850681969466696053e-11,3.000000000000000000e+01
-1.271117846396441209e-11,2.000000000000000389e-02
-1.625412817940023380e-11,2.000000000000000389e-02
-2.224098554704072661e-11,1.999999999999999001e-02
-2.425698090019005203e-11,1.995000000000002327e-02
-1.281002719987397137e-11,4.799999999999998712e-03
-6.063595010934637513e-12,4.999999999999976685e-03
-6.244384422153989202e-12,5.250000000000004663e-03
-8.727310902313194844e-12,5.549999999999999378e-03
-3.584570718954497135e-12,5.900000000000016342e-03
-5.661696227584240511e-12,6.250000000000005551e-03
-4.469007267836795024e-12,6.649999999999989253e-03
-6.812764762054170315e-12,7.149999999999989697e-03
-3.792673206742813719e-12,7.700000000000012390e-03
-5.293615227876708680e-12,8.300000000000001821e-03
-6.046686805774581508e-12,9.099999999999969225e-03
-3.999475374725594943e-12,1.000000000000000888e-02
-3.009686828462736833e-12,1.114999999999999325e-02
-4.704423771835959052e-12,1.250000000000001110e-02
-3.554655846292146091e-12,1.425000000000004041e-02
-4.604274282439998646e-12,1.669999999999999263e-02
-3.259410247489585081e-12,1.999999999999996225e-02
-1.333938847690914830e-11,2.500000000000002220e-02
-1.977496725397154265e-11,3.329999999999999627e-02
-1.007217472042317391e-11,4.999999999999998890e-02
-1.834686207934551138e-11,9.999999999999997780e-02
-4.792737286323418864e-11,3.000000000000000000e+01
-1.484293113765411398e-11,2.000000000000000389e-02
-1.752875766989717853e-11,2.000000000000000389e-02
-1.646743353657387544e-11,1.999999999999999001e-02
-1.276970716668213157e-11,1.995000000000002327e-02
-2.540935054954710981e-11,1.999999999999999001e-02
-1.502632205584627357e-11,1.999999999999999001e-02
-8.110805863742465149e-12,2.000000000000001776e-02
-1.687713597348095007e-11,1.999999999999999001e-02
-2.426868684131100107e-11,2.000000000000001776e-02
-7.658182681752334631e-12,3.125000000000000000e-02
-1.230797885484746617e-11,3.334999999999999076e-02
-1.130648425000842744e-11,3.570000000000000950e-02
-1.519020268366440306e-11,3.849999999999997868e-02
-3.137148960746797178e-12,4.165000000000002034e-02
-2.618713445598265876e-11,4.544999999999999041e-02
-1.017622647027834415e-11,5.000000000000004441e-02
-1.225465287695478262e-11,5.554999999999998828e-02
-2.127200643640507128e-11,6.250000000000000000e-02
-2.207580400310586043e-11,7.145000000000001350e-02
-2.751769120095213733e-11,8.329999999999992966e-02
-1.870323774327831146e-11,1.000000000000000888e-01
-2.293682879623652070e-11,1.250000000000000000e-01
-1.429145864151326606e-11,1.667000000000000703e-01
-2.430380433941318675e-11,2.500000000000000000e-01
-3.572474521068569331e-11,5.000000000000000000e-01
-4.240614456807456634e-11,3.000000000000000000e+01
-6.772444728862328898e-12,2.000000000000000389e-02
-1.767703104255330740e-11,2.000000000000000389e-02
-2.668658104105585050e-11,1.999999999999999001e-02
-1.228716867834878101e-11,1.995000000000002327e-02
-7.091102227976819883e-12,4.799999999999998712e-03
-6.511016118621038826e-12,4.999999999999976685e-03
-1.111268885794815608e-11,5.250000000000004663e-03
-6.295109254474592521e-12,5.549999999999999378e-03
-2.061518165376307357e-12,5.900000000000016342e-03
-5.016577720358870040e-12,6.250000000000005551e-03
-6.788052903337431028e-12,6.649999999999989253e-03
-9.052471590618536548e-13,7.149999999999989697e-03
-3.849901734215288585e-12,7.700000000000012390e-03
-4.686214524068921250e-12,8.300000000000001821e-03
-4.333740470074029129e-12,9.099999999999969225e-03
-7.963833513364531384e-12,1.000000000000000888e-02
-3.609282505391090244e-12,1.114999999999999325e-02
-5.370352455560020335e-12,1.250000000000001110e-02
-6.412167165871044237e-12,1.425000000000004041e-02
-5.743636902894032109e-12,1.669999999999999263e-02
-9.351618727078868217e-12,1.999999999999996225e-02
-1.258241456627192189e-11,2.500000000000002220e-02
-1.052349801628864291e-11,3.329999999999999627e-02
-4.122906298772062471e-11,4.999999999999998890e-02
-1.292448338745718312e-11,9.999999999999997780e-02
-4.742532451820768991e-11,3.000000000000000000e+01
-4.139164445221554800e-11,4.000000000000000777e-02
-1.635427774107633958e-11,4.000000000000000777e-02
-1.517719652212312965e-11,4.000000000000000777e-02
-2.362226791489489475e-11,3.999999999999998002e-02
-1.677308472958679097e-11,4.750000000000031974e-03
-6.492806979274217464e-12,5.000000000000004441e-03
-1.102814696478613726e-11,5.249999999999976907e-03
5.891910404299165728e-13,5.549999999999999378e-03
-3.555956382938115139e-12,5.900000000000016342e-03
-4.383165054869240845e-12,6.249999999999977796e-03
-6.823170067143946582e-12,6.649999999999989253e-03
-5.907517892112892489e-12,7.149999999999989697e-03
-7.607457560311153059e-12,7.700000000000040146e-03
-4.132140882355989860e-12,8.299999999999974065e-03
-7.721914037014943055e-12,9.099999999999996980e-03
-6.401762222181992400e-12,1.000000000000000888e-02
-6.419971036268160401e-12,1.114999999999999325e-02
-3.585871111040177865e-12,1.250000000000001110e-02
-8.143322171097477913e-12,1.424999999999998490e-02
-5.523828356529536521e-12,1.670000000000004814e-02
-5.644787733303602215e-12,1.999999999999996225e-02
-1.129868059645174093e-11,2.500000000000002220e-02
-1.786952613061932454e-11,3.329999999999999627e-02
-1.304934531381103689e-11,5.000000000000004441e-02
-1.447615016863153764e-11,9.999999999999997780e-02
-4.409307886981313239e-11,3.000000000000000000e+01
-2.384077534637225913e-11,2.000000000000000389e-02
-3.195938529735228140e-11,2.000000000000000389e-02
-1.523182332578236132e-11,1.999999999999999001e-02
-1.238471691149368995e-11,1.995000000000002327e-02
-1.102294427610117644e-11,1.999999999999999001e-02
-2.363267249718322216e-11,1.999999999999999001e-02
-1.799959053333521908e-11,2.000000000000001776e-02
-1.116861681263459083e-11,1.999999999999999001e-02
-1.474928498200929827e-11,2.000000000000001776e-02
-1.302073108621487618e-11,6.249999999999977796e-03
-2.008192006783261183e-12,6.699999999999983746e-03
-4.136042853694622243e-12,7.150000000000045208e-03
5.956943561110285576e-13,7.699999999999984635e-03
-2.730048681333826668e-12,8.299999999999974065e-03
-7.447478542430923447e-12,9.099999999999996980e-03
-4.351949428720488679e-12,1.000000000000000888e-02
-1.238341583500538461e-11,1.109999999999999876e-02
-6.959737835233552134e-12,1.250000000000001110e-02
-7.957330541014107084e-12,1.430000000000003491e-02
-1.063405252165380133e-11,1.664999999999999813e-02
-1.690054751239215481e-11,1.999999999999996225e-02
-7.040377684776794816e-12,2.500000000000002220e-02
-2.749688150782692020e-11,3.334999999999999076e-02
-1.705532449210872548e-11,4.999999999999998890e-02
-1.889703361419453964e-11,9.999999999999997780e-02
